dados_0012=[
5 200.0000E-3 9.4400 -11.9985E-3 0.0E+0;
10 200.0000E-3 9.4400 -11.8437E-3 -345.9321E-3;
15 202.0000E-3 9.5200 -11.9478E-3 0.0E+0;
20 200.0000E-3 9.5200 -11.9973E-3 552.9954E-3;
30 198.0000E-3 9.5200 -11.9601E-3 0.0E+0;
40 200.0000E-3 9.5200 -11.9846E-3 -415.7044E-3;
50 200.0000E-3 9.5200 -11.9455E-3 1.8344;
60 200.0000E-3 9.5200 -12.0065E-3 0.0E+0;
70 202.0000E-3 9.5200 -12.0161E-3 0.0E+0;
80 200.0000E-3 9.5200 -11.9228E-3 -277.3498E-3;
90 202.0000E-3 9.5200 -11.9351E-3 1.0867;
100 200.0000E-3 9.5200 -12.1260E-3 345.1582E-3;
200 202.0000E-3 9.5200 -12.1068E-3 1.3846;
300 200.0000E-3 9.5200 -12.0714E-3 -207.6125E-3;
400 200.0000E-3 9.5200 -11.9689E-3 1.3825;
500 200.0000E-3 9.5200 -11.9070E-3 2.0657;
600 200.0000E-3 9.5200 -11.8967E-3 1.2500;
700 200.0000E-3 9.5200 -11.9355E-3 1.4477;
800 200.0000E-3 9.5200 -12.0522E-3 1.6590;
900 200.0000E-3 9.5200 -11.8932E-3 1.2435;
1000 202.0000E-3 9.5200 -11.8348E-3 2.5874;
1500 202.0000E-3 9.5200 -11.9470E-3 624.2775E-3;
2000 202.0000E-3 9.5200 -11.9470E-3 415.8645E-3;
2500 202.0000E-3 9.4400 -11.7799E-3 1.7274;
3000 202.0000E-3 9.4400 -11.8206E-3 1.8707;
3500 202.0000E-3 9.4400 -11.8932E-3 3.3917;
4000 202.0000E-3 9.4400 -11.7027E-3 3.5835;
4500 202.0000E-3 9.4400 -11.9528E-3 4.0555;
5000 202.0000E-3 9.4400 -12.0115E-3 5.1625;
5500 202.0000E-3 9.4400 -12.0822E-3 5.3165;
6000 204.0000E-3 9.4400 -11.8748E-3 5.3793;
6500 202.0000E-3 9.4400 -11.9965E-3 5.3865;
7000 202.0000E-3 9.4400 -12.0246E-3 5.3441;
7500 202.0000E-3 9.3600 -11.8302E-3 7.5108;
8000 204.0000E-3 9.3600 -11.7861E-3 8.5714;
8500 202.0000E-3 9.3600 -11.7042E-3 8.2353;
9000 204.0000E-3 9.3600 -11.6643E-3 6.8631;
9500 206.0000E-3 9.3600 -11.7553E-3 7.8976;
10000 206.0000E-3 9.3600 -11.7304E-3 8.9827;
10500 206.0000E-3 9.3600 -11.5256E-3 8.0162;
11000 206.0000E-3 9.3600 -11.8241E-3 11.3924;
11500 204.0000E-3 9.3600 -12.0979E-3 11.8681;
12000 206.0000E-3 9.3600 -11.8905E-3 10.4167;
12500 206.0000E-3 9.3600 -11.6797E-3 11.1962;
13000 204.0000E-3 9.3600 -11.5103E-3 10.3500;
13500 204.0000E-3 9.3600 -11.9706E-3 12.7132;
14000 204.0000E-3 9.3600 -11.8176E-3 12.7305;
14500 204.0000E-3 9.3600 -11.8006E-3 12.6784;
15000 206.0000E-3 9.2800 -11.8841E-3 14.4966;
15500 206.0000E-3 9.2000 -11.9802E-3 11.4741;
16000 202.0000E-3 9.2000 -11.6415E-3 14.0308;
16500 206.0000E-3 9.2000 -11.6918E-3 16.0883;
17000 206.0000E-3 9.2000 -11.7305E-3 14.4940;
17500 204.0000E-3 9.2000 -12.0419E-3 16.1074;
18000 202.0000E-3 9.2000 -12.1930E-3 16.5708;
18500 206.0000E-3 9.2000 -12.3085E-3 15.7820;
19000 206.0000E-3 9.2000 -12.2192E-3 17.6942;
19500 206.0000E-3 9.1200 -12.1984E-3 16.4045;
20000 206.0000E-3 9.1200 -12.0493E-3 17.0988
];

dados_0500 = [
5 200.0000E-3 8.4000 -502.2363E-3 -172.8277E-3;
10 200.0000E-3 8.4000 -501.8675E-3 2.4115;
15 200.0000E-3 8.4000 -502.3492E-3 -518.7320E-3;
20 200.0000E-3 8.4000 -501.9236E-3 552.1472E-3;
30 200.0000E-3 8.4000 -501.3682E-3 2.2750;
40 198.0000E-3 8.4800 -501.7408E-3 -138.2488E-3;
50 200.0000E-3 8.4000 -501.7323E-3 0.0E+0;
60 202.0000E-3 8.4800 -501.8890E-3 414.2693E-3;
70 200.0000E-3 8.4800 -501.9804E-3 0.0E+0;
80 198.0000E-3 8.4000 -501.7907E-3 276.7102E-3;
90 198.0000E-3 8.4000 -502.0381E-3 311.4187E-3;
100 198.0000E-3 8.4800 -501.8729E-3 0.0E+0;
200 198.0000E-3 8.4800 -502.2562E-3 1.6545;
300 200.0000E-3 8.4000 -501.7861E-3 1.8664;
400 200.0000E-3 8.4000 -502.1817E-3 369.4202E-3;
500 202.0000E-3 8.3200 -502.0004E-3 2.4184;
600 200.0000E-3 8.4000 -502.2600E-3 2.0737;
700 200.0000E-3 8.3200 -501.8383E-3 2.0489;
800 200.0000E-3 8.3200 -502.1402E-3 -276.9231E-3;
900 202.0000E-3 8.3200 -501.9804E-3 622.8374E-3;
1000 202.0000E-3 8.3200 -501.9958E-3 2.7639;
1500 202.0000E-3 8.3200 -502.2685E-3 624.8192E-3;
2000 202.0000E-3 8.3200 -502.0427E-3 1.3846;
2500 202.0000E-3 8.3200 -501.8015E-3 1.7308;
3000 202.0000E-3 8.3200 -502.3300E-3 1.5584;
3500 202.0000E-3 8.3200 -501.5572E-3 3.1452;
4000 202.0000E-3 8.3200 -501.8222E-3 3.0508;
4500 204.0000E-3 8.3200 -501.2138E-3 2.8028;
5000 202.0000E-3 8.3200 -501.9213E-3 5.1625;
5500 202.0000E-3 8.3200 -501.4788E-3 4.1860;
6000 206.0000E-3 8.3200 -501.6770E-3 4.9885;
6500 204.0000E-3 8.3200 -501.2714E-3 4.9500;
7000 204.0000E-3 8.3200 -501.7354E-3 5.0875;
7500 202.0000E-3 8.3200 -501.6217E-3 6.7338;
8000 202.0000E-3 8.3200 -501.8499E-3 7.4540;
8500 204.0000E-3 8.3200 -501.3436E-3 6.1664;
9000 202.0000E-3 8.3200 -501.5096E-3 7.1503;
9500 202.0000E-3 8.3200 -501.4251E-3 7.5410;
10000 204.0000E-3 8.3200 -501.9789E-3 7.9463;
10500 206.0000E-3 8.3200 -501.3974E-3 7.2874;
11000 206.0000E-3 8.3200 -501.5326E-3 8.7342;
11500 206.0000E-3 8.3200 -501.7508E-3 6.7849;
12000 204.0000E-3 8.3200 -501.2199E-3 8.7298;
12500 206.0000E-3 8.3200 -501.1984E-3 10.3597;
13000 206.0000E-3 8.3200 -501.3144E-3 11.2219;
13500 204.0000E-3 8.3200 -501.1900E-3 8.7197;
14000 204.0000E-3 8.3200 -501.6041E-3 9.7035;
14500 206.0000E-3 8.3200 -501.5286E-3 10.1950;
15000 204.0000E-3 8.3200 -501.4435E-3 12.0805;
15500 206.0000E-3 8.3200 -501.0940E-3 11.6418;
16000 204.0000E-3 8.3200 -499.9527E-3 13.2515;
16500 206.0000E-3 8.3200 -501.0511E-3 12.7484;
17000 206.0000E-3 8.1600 -500.4359E-3 14.0564;
17500 204.0000E-3 8.1600 -501.5971E-3 13.1313;
18000 204.0000E-3 8.1600 -501.0005E-3 13.8940;
18500 206.0000E-3 8.1600 -500.7547E-3 13.8462;
19000 206.0000E-3 8.1600 -501.6361E-3 14.6182;
19500 206.0000E-3 8.1600 -500.4487E-3 16.2825;
20000 206.0000E-3 8.1600 -500.3054E-3 16.9898
];

dados_1000 = [
5 202.0000E-3 7.4400 -1000.0000E-3 1.3826;
10 198.0000E-3 7.5200 -1000.0000E-3 1.0360;
15 198.0000E-3 7.4400 -1000.0000E-3 517.2414E-3;
20 202.0000E-3 7.4400 -1.0000 1.3793;
30 202.0000E-3 7.4400 -1.0000 0.0E+0;
40 200.0000E-3 7.4400 -1.0000 -970.3504E-3;
50 200.0000E-3 7.4400 -1.0000 -518.9813E-3;
60 198.0000E-3 7.4400 -1.0000 414.7465E-3;
70 200.0000E-3 7.4400 -1.0000 241.9355E-3;
80 200.0000E-3 7.4400 -1.0000 1.3783;
90 200.0000E-3 7.4400 -1.0000 1.2414;
100 200.0000E-3 7.4400 -1.0000 -692.3077E-3;
200 198.0000E-3 7.4400 -1000.0000E-3 -553.8462E-3;
300 200.0000E-3 7.4400 -1000.0000E-3 1.0369;
400 200.0000E-3 7.4400 -1000.0000E-3 832.0493E-3;
500 202.0000E-3 7.4400 -1000.0000E-3 346.1538E-3;
600 202.0000E-3 7.4400 -1000.0000E-3 826.6361E-3;
700 200.0000E-3 7.4400 -1000.0000E-3 726.7833E-3;
800 200.0000E-3 7.4400 -1000.0000E-3 138.3551E-3;
900 202.0000E-3 7.4400 -1000.0000E-3 1.5517;
1000 202.0000E-3 7.4400 -1000.0000E-3 1.3820;
1500 202.0000E-3 7.4400 -1.0000 1.6657;
2000 202.0000E-3 7.4400 -1.0000 1.9325;
2500 202.0000E-3 7.4400 -1.0000 1.3846;
3000 202.0000E-3 7.4400 -1.0000 2.4885;
3500 202.0000E-3 7.4400 -1.0000 2.9032;
4000 200.0000E-3 7.4400 -1.0000 3.0462;
4500 202.0000E-3 7.4400 -1.0000 4.3523;
5000 204.0000E-3 7.4400 -1.0000 2.7732;
5500 202.0000E-3 7.4400 -1.0000 4.5666;
6000 204.0000E-3 7.4400 -1.0000 5.3917;
6500 202.0000E-3 7.4400 -1.0000 4.9377;
7000 202.0000E-3 7.4400 -1.0000 6.7560;
7500 202.0000E-3 7.4400 -1.0000 5.9568;
8000 206.0000E-3 7.4400 -1.0000 6.6156;
8500 204.0000E-3 7.4400 -1.0000 5.8728;
9000 202.0000E-3 7.4400 -1.0000 6.2284;
9500 204.0000E-3 7.4400 -1.0000 6.5693;
10000 204.0000E-3 7.4400 -1.0000 7.2973;
10500 206.0000E-3 7.4400 -1.0000 7.9839;
11000 202.0000E-3 7.4400 -1.0000 7.5789;
11500 204.0000E-3 7.3600 -1.0000 8.3260;
12000 204.0000E-3 7.3600 -1.0000 9.1244;
12500 204.0000E-3 7.3600 -1.0000 7.9904;
13000 206.0000E-3 7.3600 -1.0000 8.1203;
13500 206.0000E-3 7.3600 -1000.0000E-3 10.1124;
14000 204.0000E-3 7.3600 -1000.0000E-3 10.4839;
14500 206.0000E-3 7.3600 -1.0000 10.8233;
15000 204.0000E-3 7.3600 -1000.0000E-3 10.8206;
15500 206.0000E-3 7.3600 -1000.0000E-3 10.1786;
16000 206.0000E-3 7.3600 -1.0000 10.6531;
16500 204.0000E-3 7.3600 -1000.0000E-3 10.8571;
17000 204.0000E-3 7.3600 -1000.0000E-3 10.9804;
17500 204.0000E-3 7.3600 -1000.0000E-3 11.4637;
18000 202.0000E-3 7.3600 -1000.0000E-3 13.6709;
18500 206.0000E-3 7.2800 -1000.0000E-3 12.3550;
19000 204.0000E-3 7.2800 -1000.0000E-3 13.1387;
19500 204.0000E-3 7.2800 -1.0000 13.6908;
20000 206.0000E-3 7.2800 -1.0000 13.5632
    ];

